run_id,timestamp_start,model,temperature,step_name,task_name,round,expert_name,estimate,percentile_25th,percentile_50th,percentile_75th,rationale,has_error,error_message,task_metric,task_metric_cvss,task_metric_disclosure_bounty,task_metric_patch_bounty
20260316_164649,2026-03-16T16:46:49.943627,claude-sonnet-4-5,1.0,TA0002 - Execution,Imaginairy,1,AI/ML Security Researcher,,,,,,True,"Analysis API Call Failed: Error: API Bad Request - Error code: 400 - {'type': 'error', 'error': {'type': 'invalid_request_error', 'message': 'Your credit balance is too low to access the Anthropic API. Please go to Plans & Billing to upgrade or purchase credits.'}, 'request_id': 'req_011CZ7QzUgEVdbujCLrAgVFN'}",,High (7.5),300,75
